      0/49     15.2G      6.39      2.51         0       8.9        55       416     0.217     0.562     0.314     0.313      5.16      1.52         0
      1/49     15.2G      4.84      1.39         0      6.24        62       416     0.332     0.604     0.454     0.429       4.5      1.22         0
      2/49     15.2G      4.48      1.17         0      5.65        60       416     0.411     0.586     0.497     0.483      4.41      1.04         0
      3/49     15.2G      4.22      1.06         0      5.28        57       416     0.377     0.681     0.577     0.486      4.08      1.02         0
      4/49     15.2G      4.06      1.04         0       5.1        54       416      0.47     0.677     0.608     0.555      3.92     0.989         0
      5/49     15.2G      3.89     0.999         0      4.89        57       416      0.49     0.681     0.635      0.57      3.86     0.957         0
      6/49     15.2G       3.8     0.984         0      4.79        48       416     0.448     0.716     0.647     0.551      3.82     0.957         0
      7/49     15.2G      3.71      0.97         0      4.68        68       416     0.512     0.723     0.682     0.599      3.69      0.93         0
      8/49     15.2G      3.64     0.944         0      4.59        64       416     0.514     0.721     0.675       0.6      3.67     0.942         0
      9/49     15.2G      3.54     0.932         0      4.47        53       416     0.497     0.744     0.701     0.596      3.61     0.904         0
     10/49     15.2G      3.49     0.902         0      4.39        49       416     0.503     0.754     0.711     0.603      3.56     0.902         0
     11/49     15.2G      3.44     0.885         0      4.32        47       416     0.497     0.763      0.71     0.602      3.54     0.886         0
     12/49     15.2G      3.36     0.886         0      4.25        72       416     0.499     0.779     0.735     0.608      3.47     0.868         0
     13/49     15.2G      3.32     0.864         0      4.19        41       416       0.5      0.79     0.743     0.612      3.42     0.852         0
     14/49     15.2G      3.25     0.838         0      4.09        73       416     0.563     0.777     0.748     0.653       3.4      0.85         0
     15/49     15.2G      3.22     0.831         0      4.05        44       416      0.57     0.779     0.761     0.658      3.38      0.84         0
     16/49     15.2G      3.19     0.811         0         4        51       416     0.519       0.8     0.761     0.629      3.35     0.834         0
     17/49     15.2G      3.12     0.806         0      3.93        57       416      0.58     0.784     0.761     0.667      3.34     0.831         0
     18/49     15.2G      3.12     0.797         0      3.91        70       416     0.542     0.808     0.773     0.649      3.27     0.809         0
     19/49     15.2G      3.04     0.783         0      3.83        79       416     0.553     0.822     0.786     0.661      3.25     0.797         0
     20/49     15.2G         3     0.777         0      3.77        62       416     0.597       0.8     0.787     0.684      3.23     0.792         0
     21/49     15.2G      2.95     0.765         0      3.71        54       416     0.566     0.815     0.788     0.668       3.2     0.789         0
     22/49     15.2G      2.91     0.755         0      3.66        54       416     0.602     0.823     0.804     0.695      3.16     0.775         0
     23/49     15.2G      2.88     0.741         0      3.63        51       416     0.626     0.817     0.807     0.709      3.17     0.773         0
     24/49     15.2G      2.85     0.728         0      3.58        43       416     0.624     0.819     0.807     0.708      3.13     0.764         0
     25/49     15.2G      2.82      0.72         0      3.54        52       416     0.594      0.83      0.81     0.692       3.1     0.767         0
     26/49     15.2G      2.76      0.71         0      3.47        61       416     0.653     0.821     0.814     0.727      3.08      0.76         0
     27/49     15.2G      2.72     0.694         0      3.42        57       416      0.65      0.83     0.819      0.73      3.06     0.753         0
     28/49     15.2G      2.68     0.687         0      3.37        72       416      0.65     0.826      0.82     0.728      3.03     0.746         0
     29/49     15.2G      2.65     0.677         0      3.33        72       416     0.675     0.827     0.823     0.744      3.02     0.738         0
     30/49     15.2G      2.62     0.659         0      3.28        65       416     0.658     0.833     0.828     0.735      3.01     0.742         0
     31/49     15.2G      2.61     0.654         0      3.26        58       416     0.654     0.837     0.834     0.734      2.97     0.744         0
     32/49     15.2G      2.55     0.644         0       3.2        59       416     0.685     0.832     0.831     0.751      2.98     0.741         0
     33/49     15.2G      2.53     0.631         0      3.16        62       416     0.676     0.833     0.832     0.747      2.95     0.742         0
     34/49     15.2G      2.51     0.626         0      3.13        53       416     0.687     0.836     0.838     0.754      2.95     0.733         0
     35/49     15.2G      2.48      0.63         0      3.11        74       416     0.703      0.84      0.84     0.766      2.92     0.727         0
     36/49     15.2G      2.43     0.608         0      3.04        75       416     0.703     0.838     0.839     0.765      2.92      0.72         0
     37/49     15.2G      2.39     0.607         0      2.99        67       416     0.716     0.836     0.843     0.772       2.9     0.725         0
     38/49     15.2G      2.36     0.598         0      2.96        46       416     0.715      0.84     0.847     0.772      2.89     0.724         0
     39/49     15.2G      2.34     0.599         0      2.94        69       416     0.711     0.842     0.848     0.771      2.87     0.718         0
     40/49     15.2G      2.35     0.582         0      2.93        64       416     0.719     0.839     0.848     0.775      2.87     0.722         0
     41/49     15.2G      2.32      0.58         0       2.9        58       416     0.726     0.843      0.85      0.78      2.85     0.718         0
     42/49     15.2G      2.29     0.574         0      2.87        76       416     0.724     0.844      0.85      0.78      2.85      0.71         0
     43/49     15.2G       2.3     0.579         0      2.88        65       416     0.733     0.842      0.85     0.784      2.85     0.711         0
     44/49     15.2G      2.25     0.575         0      2.82        70       416     0.729     0.844     0.852     0.782      2.83     0.709         0
     45/49     15.2G      2.23     0.549         0      2.78        53       416     0.734     0.842     0.852     0.784      2.83     0.713         0
     46/49     15.2G      2.24     0.552         0      2.79        62       416      0.73     0.844     0.852     0.783      2.83     0.714         0
     47/49     15.2G      2.24     0.546         0      2.78        40       416     0.734     0.846     0.853     0.786      2.82     0.711         0
     48/49     15.2G      2.21     0.548         0      2.76        57       416     0.736     0.847     0.854     0.788      2.82     0.708         0
     49/49     15.2G       2.2     0.546         0      2.75        64       416     0.744     0.844     0.856     0.791      2.81      0.71         0
