      0/49       15G      7.13      5.55         0      12.7        54       416     0.132     0.175    0.0666      0.15      6.23      3.15         0
      1/49       15G      6.13      2.22         0      8.35        57       416     0.212     0.347     0.225     0.263      5.61      1.57         0
      2/49       15G      5.47      1.39         0      6.86        44       416       0.3     0.487     0.362     0.371      4.89      1.23         0
      3/49       15G      4.85      1.22         0      6.07        61       416     0.361     0.577     0.485     0.444      4.54      1.19         0
      4/49       15G      4.51       1.2         0      5.71        42       416     0.476     0.557     0.504     0.513       4.3      1.16         0
      5/49       15G      4.36      1.14         0      5.51        50       416     0.464       0.6     0.542     0.523      4.13      1.09         0
      6/49       15G      4.22      1.09         0      5.31        89       416     0.507     0.621     0.584     0.558      4.01      1.03         0
      7/49       15G       4.1      1.05         0      5.15        63       416     0.518     0.638     0.607     0.572      4.02         1         0
      8/49       15G      3.99     0.997         0      4.98        56       416     0.467     0.669     0.621      0.55      3.88     0.971         0
      9/49       15G      3.88     0.989         0      4.87        51       416     0.469     0.692     0.638     0.559      3.79     0.951         0
     10/49       15G       3.8     0.962         0      4.76        87       416     0.423     0.723     0.648     0.534      3.79     0.949         0
     11/49       15G      3.72     0.936         0      4.66        71       416     0.471     0.716      0.66     0.568      3.74     0.928         0
     12/49       15G       3.7     0.941         0      4.64        40       416     0.489     0.728     0.677     0.585      3.64     0.916         0
     13/49       15G      3.58      0.92         0       4.5        55       416     0.547     0.708     0.685     0.617      3.62     0.904         0
     14/49       15G      3.59      0.91         0       4.5        78       416     0.505     0.739     0.702       0.6      3.59     0.881         0
     15/49       15G      3.47     0.899         0      4.36        53       416     0.555     0.719     0.703     0.627      3.58     0.875         0
     16/49       15G      3.41     0.868         0      4.28        45       416     0.532     0.739     0.713     0.619      3.53     0.868         0
     17/49       15G       3.4     0.856         0      4.25        41       416     0.544      0.75     0.717      0.63      3.49     0.867         0
     18/49       15G      3.35     0.857         0       4.2        72       416     0.569     0.749     0.733     0.647      3.46     0.842         0
     19/49       15G      3.27     0.832         0       4.1        44       416     0.562     0.759     0.739     0.646      3.44     0.838         0
     20/49       15G      3.23     0.829         0      4.06        49       416     0.579     0.755      0.74     0.655      3.41     0.836         0
     21/49       15G      3.19     0.809         0         4        38       416     0.548     0.776     0.745     0.642      3.36     0.826         0
     22/49       15G      3.17      0.81         0      3.98        70       416     0.583     0.776     0.756     0.666      3.33     0.819         0
     23/49       15G      3.11     0.796         0      3.91        63       416     0.562      0.78     0.759     0.653      3.32     0.811         0
     24/49       15G      3.07     0.789         0      3.86        60       416     0.589     0.785      0.77     0.673       3.3     0.812         0
     25/49       15G      3.03     0.778         0      3.81        64       416     0.588     0.791     0.771     0.675      3.28     0.801         0
     26/49       15G      2.99     0.757         0      3.75        57       416     0.581     0.791     0.774      0.67      3.26     0.795         0
     27/49       15G      2.98     0.754         0      3.74        74       416     0.588     0.798     0.781     0.677      3.24     0.797         0
     28/49       15G      2.92     0.754         0      3.67        59       416     0.635     0.791     0.783     0.704      3.23     0.788         0
     29/49       15G       2.9     0.739         0      3.64        39       416       0.6     0.801     0.788     0.686       3.2     0.782         0
     30/49       15G      2.86     0.724         0      3.58        54       416     0.619     0.799     0.789     0.697      3.19     0.783         0
     31/49       15G      2.84     0.723         0      3.56        39       416     0.624     0.799      0.79     0.701      3.17     0.776         0
     32/49       15G      2.81     0.719         0      3.53        58       416     0.619     0.801     0.795     0.698      3.15     0.771         0
     33/49       15G      2.79     0.701         0      3.49        53       416     0.615     0.807     0.796     0.698      3.14      0.77         0
     34/49       15G      2.76      0.71         0      3.47        60       416     0.642     0.804       0.8     0.714      3.12     0.766         0
     35/49       15G      2.72       0.7         0      3.42        70       416     0.636     0.809     0.803     0.712      3.12     0.761         0
     36/49       15G      2.73     0.688         0      3.42        50       416     0.656     0.805     0.804     0.723      3.09     0.765         0
     37/49       15G      2.71     0.693         0       3.4        49       416     0.646     0.812     0.809      0.72      3.08      0.76         0
     38/49       15G      2.67     0.682         0      3.35        69       416     0.649     0.811     0.807     0.721      3.07     0.759         0
     39/49       15G      2.65     0.665         0      3.32        66       416     0.663     0.812     0.812      0.73      3.06     0.762         0
     40/49       15G      2.63     0.667         0      3.29        49       416     0.662      0.81     0.809     0.729      3.05      0.76         0
     41/49       15G      2.61     0.663         0      3.27        82       416     0.657     0.811     0.808     0.726      3.05     0.757         0
     42/49       15G      2.59     0.646         0      3.24        56       416     0.658     0.813      0.81     0.727      3.04     0.758         0
     43/49       15G       2.6     0.649         0      3.25        70       416     0.664     0.814     0.812     0.731      3.03     0.753         0
     44/49       15G      2.57     0.662         0      3.24        51       416     0.663     0.814     0.814     0.731      3.02     0.751         0
     45/49       15G      2.56     0.652         0      3.21        61       416     0.673     0.814     0.814     0.737      3.02     0.753         0
     46/49       15G      2.54     0.651         0      3.19        72       416     0.674     0.817     0.817     0.739      3.02     0.751         0
     47/49       15G      2.52     0.641         0      3.16        49       416      0.67     0.817     0.816     0.736      3.02     0.749         0
     48/49       15G      2.53     0.641         0      3.18        56       416     0.666     0.818     0.816     0.734      3.01      0.75         0
     49/49       15G      2.54     0.632         0      3.17        58       416     0.667     0.815     0.816     0.734      3.01      0.75         0
