      0/49     15.1G      7.16       5.5         0      12.7        65       416     0.134     0.179     0.072     0.153      6.18      3.17         0
      1/49     15.1G       6.1      2.21         0      8.31        59       416     0.176     0.373     0.186     0.239       5.9      1.55         0
      2/49     15.1G      5.45       1.4         0      6.85        59       416     0.372     0.478     0.403     0.419      4.79      1.25         0
      3/49     15.1G      4.86      1.23         0      6.08        68       416       0.4     0.563     0.481     0.468      4.46      1.19         0
      4/49     15.1G      4.51       1.2         0      5.71        79       416     0.455     0.586     0.524     0.512      4.27      1.15         0
      5/49     15.1G      4.35      1.16         0      5.51        66       416      0.45     0.606     0.549     0.516      4.15      1.09         0
      6/49     15.1G      4.21      1.09         0       5.3        48       416     0.488     0.615      0.58     0.544         4      1.04         0
      7/49     15.1G       4.1      1.02         0      5.12        74       416       0.5     0.635     0.598      0.56      3.94     0.999         0
      8/49     15.1G      3.99      1.01         0         5        48       416     0.455     0.684     0.615     0.546      3.86     0.973         0
      9/49     15.4G       3.9     0.983         0      4.88        65       416     0.417     0.703     0.632     0.523       3.9     0.955         0
     10/49     15.4G       3.8     0.966         0      4.77        59       416      0.45     0.704     0.645     0.549       3.8     0.938         0
     11/49     15.4G       3.7      0.93         0      4.63        59       416     0.489     0.712     0.659      0.58      3.78     0.935         0
     12/49     15.4G      3.62     0.917         0      4.54        68       416     0.484     0.713     0.657     0.577      3.77     0.919         0
     13/49     15.4G      3.53     0.897         0      4.43        79       416      0.53     0.718     0.687      0.61      3.65     0.906         0
     14/49     15.4G      3.47     0.881         0      4.35        66       416     0.494     0.741     0.691     0.593      3.66     0.899         0
     15/49     15.4G      3.39      0.87         0      4.26        48       416      0.45     0.762     0.695     0.566      3.59     0.894         0
     16/49     15.4G      3.32     0.836         0      4.15        74       416     0.563     0.737     0.712     0.638      3.65     0.868         0
     17/49     15.4G      3.28     0.833         0      4.11        48       416      0.54     0.739     0.711     0.624      3.53     0.873         0
     18/49     15.4G      3.34      0.86         0       4.2        64       416     0.511     0.759     0.716     0.611      3.47     0.864         0
     19/49     15.4G      3.29     0.848         0      4.14        58       416     0.544     0.758     0.728     0.634      3.45     0.864         0
     20/49     15.4G      3.26     0.839         0       4.1        79       416     0.593     0.743     0.734      0.66      3.44     0.853         0
     21/49     15.4G      3.21     0.831         0      4.04        39       416     0.517     0.781     0.742     0.622      3.41     0.846         0
     22/49     15.4G      3.15     0.809         0      3.95        50       416     0.547     0.775     0.744     0.642      3.41     0.829         0
     23/49     15.4G      3.16      0.81         0      3.97        35       416     0.576     0.776     0.759     0.661      3.34      0.82         0
     24/49     15.4G       3.1     0.789         0      3.89        52       416     0.581     0.773     0.756     0.663      3.33     0.833         0
     25/49     15.4G      3.04     0.787         0      3.83        36       416     0.567     0.782     0.758     0.658       3.3      0.81         0
     26/49     15.4G         3     0.776         0      3.78        44       416     0.622     0.777     0.767     0.691      3.29     0.814         0
     27/49     15.4G      2.97     0.756         0      3.73        70       416     0.546     0.792     0.764     0.646      3.29     0.813         0
     28/49     15.4G      2.94     0.756         0       3.7        62       416     0.576     0.803     0.781     0.671      3.24       0.8         0
     29/49     15.4G      2.91     0.747         0      3.66        63       416     0.604     0.798      0.78     0.687      3.23     0.798         0
     30/49     15.4G      2.89     0.737         0      3.62        49       416      0.61       0.8     0.788     0.692      3.21     0.788         0
     31/49     15.4G      2.86     0.729         0      3.58        61       416     0.593     0.804     0.783     0.683      3.19     0.787         0
     32/49     15.4G      2.82     0.726         0      3.55        78       416     0.609     0.808      0.79     0.695      3.19     0.788         0
     33/49     15.4G      2.78     0.702         0      3.48        58       416     0.616     0.805     0.794     0.698      3.16     0.779         0
     34/49     15.4G      2.77     0.694         0      3.46        44       416     0.635     0.805     0.797      0.71      3.13     0.784         0
     35/49     15.4G      2.76     0.701         0      3.46        71       416     0.648     0.804     0.796     0.718      3.14      0.78         0
     36/49     15.4G       2.7      0.68         0      3.38        53       416     0.616     0.815       0.8     0.701      3.12     0.778         0
     37/49     15.4G       2.7     0.682         0      3.38        60       416     0.627     0.818     0.806      0.71      3.11      0.77         0
     38/49     15.4G      2.66     0.677         0      3.34        72       416     0.627     0.819     0.807      0.71      3.08     0.768         0
     39/49     15.4G      2.65     0.667         0      3.32        55       416     0.652     0.814     0.807     0.724      3.08     0.764         0
     40/49     15.4G      2.63     0.665         0      3.29        79       416      0.66     0.812     0.809     0.728      3.07     0.766         0
     41/49     15.4G      2.57     0.641         0      3.21        65       416      0.65     0.818     0.811     0.725      3.07     0.765         0
     42/49     15.4G      2.55     0.642         0      3.19        59       416     0.666     0.814      0.81     0.732      3.07     0.766         0
     43/49     15.4G       2.5     0.624         0      3.12        59       416     0.667     0.815      0.81     0.733      3.06     0.767         0
     44/49     15.4G      2.51     0.627         0      3.14        68       416      0.67     0.815     0.812     0.735      3.04     0.765         0
     45/49     15.4G      2.46     0.614         0      3.08        79       416     0.678     0.812     0.813     0.739      3.05     0.761         0
     46/49     15.4G      2.45     0.611         0      3.06        66       416     0.679     0.811     0.812      0.74      3.04     0.765         0
     47/49     15.4G      2.44     0.609         0      3.05        48       416     0.679     0.813     0.814      0.74      3.03     0.766         0
     48/49     15.4G      2.38     0.589         0      2.97        74       416     0.679     0.815     0.813     0.741      3.04     0.772         0
     49/49     15.4G      2.39     0.592         0      2.98        48       416     0.681     0.816     0.814     0.742      3.03     0.769         0
